files/f_10000.tx
1,0.63638,0.635884,0.636718,0.63631,0.636046,0.636504,0.636292,0.637728,0.63549,0.635718
2,0.734118,0.733938,0.734738,0.734078,0.734138,0.734448,0.734568,0.736098,0.733826,0.734026
3,0.792072,0.791874,0.792478,0.7924,0.791876,0.792172,0.792524,0.794132,0.791708,0.79239
files/f_50000.tx
1,0.695742,0.695562,0.69607,0.695932,0.69566,0.695974,0.696162,0.698062,0.695652,0.696476
2,0.774034,0.77383,0.773946,0.774204,0.774088,0.774238,0.774414,0.776336,0.773952,0.775146
3,0.820562,0.820182,0.820326,0.820532,0.820398,0.820454,0.820672,0.823046,0.820488,0.822036
files/f_100000.tx
1,0.774194,0.773932,0.774132,0.774298,0.774186,0.774204,0.774604,0.776588,0.774146,0.775246
2,0.854124,0.85386,0.854042,0.854178,0.853926,0.854198,0.85421,0.857532,0.854014,0.856664
3,0.901754,0.901596,0.901394,0.901962,0.901716,0.901956,0.901736,0.907084,0.90181,0.906502
files/f_50000.tx
1,0.695742,0.695562,0.69607,0.695932,0.69566,0.695974,0.696162,0.698062,0.695652,0.696476
2,0.774034,0.77383,0.773946,0.774204,0.774088,0.774238,0.774414,0.776336,0.773952,0.775146
3,0.820562,0.820182,0.820326,0.820532,0.820398,0.820454,0.820672,0.823046,0.820488,0.822036
files/f_200000.tx
1,0.72854,0.728572,0.72863,0.728792,0.728642,0.728866,0.728966,0.731356,0.728672,0.730236
2,0.795822,0.795738,0.795804,0.795896,0.795594,0.795968,0.795926,0.800258,0.795872,0.799464
3,0.834248,0.834284,0.83419,0.834502,0.8341,0.834422,0.834254,0.840992,0.834308,0.840476
files/f_500000.tx
1,0.74444,0.744252,0.744276,0.744456,0.744134,0.744432,0.744204,0.748622,0.74446,0.748074
2,0.802272,0.80232,0.80216,0.80238,0.801924,0.802408,0.802146,0.811348,0.80291,0.811232
3,0.831366,0.831518,0.831068,0.831144,0.830916,0.831168,0.830728,0.846128,0.83221,0.846204