files/f_10000.tx
1,0.614548,0.614236,0.615786,0.61517,0.61391,0.615334,0.614768,0.616808,0.614612,0.614848
2,0.721692,0.721452,0.722088,0.721926,0.720748,0.722262,0.722224,0.72453,0.72136,0.722442
3,0.78438,0.784056,0.785188,0.784824,0.783526,0.784776,0.784618,0.78754,0.784152,0.78589
files/f_50000.tx
1,0.686678,0.68647,0.687052,0.687122,0.686026,0.687196,0.686854,0.689762,0.686688,0.688132
2,0.769074,0.768812,0.76914,0.76952,0.768534,0.769448,0.7693,0.772398,0.76917,0.771172
3,0.81675,0.816508,0.816958,0.81697,0.816174,0.81711,0.816814,0.820402,0.817026,0.819364
files/f_100000.tx
1,0.769282,0.768954,0.769276,0.769744,0.76875,0.769644,0.769462,0.772444,0.769442,0.771228
2,0.851168,0.85106,0.851194,0.851524,0.8505,0.85151,0.850908,0.855538,0.851478,0.854714
3,0.899556,0.899396,0.899214,0.899966,0.898964,0.899974,0.899032,0.905988,0.899858,0.90551
files/f_50000.tx
1,0.686678,0.68647,0.687052,0.687122,0.686026,0.687196,0.686854,0.689762,0.686688,0.688132
2,0.769074,0.768812,0.76914,0.76952,0.768534,0.769448,0.7693,0.772398,0.76917,0.771172
3,0.81675,0.816508,0.816958,0.81697,0.816174,0.81711,0.816814,0.820402,0.817026,0.819364
files/f_200000.tx
1,0.725118,0.725046,0.725214,0.725524,0.724732,0.72571,0.725266,0.728952,0.725426,0.727752
2,0.793468,0.79347,0.793506,0.793872,0.792904,0.793834,0.793298,0.798896,0.793754,0.79813
3,0.83199,0.831972,0.832096,0.832516,0.831372,0.832454,0.831722,0.839838,0.832332,0.839368
files/f_500000.tx
1,0.741974,0.741914,0.741864,0.742268,0.741384,0.74225,0.74156,0.74712,0.742262,0.74658
2,0.800222,0.800226,0.800118,0.800536,0.799502,0.800596,0.799812,0.810308,0.801144,0.810252
3,0.829346,0.829422,0.82896,0.82926,0.828402,0.829288,0.828354,0.845136,0.830436,0.84526