files/f_10000.txt
1,0.65259,0.640948,0.633002,0.626834
2,0.75125,0.745942,0.741756,0.73718
3,0.809444,0.80681,0.804672,0.80135
files/f_50000.txt
1,0.709838,0.70641,0.7029,0.696432
2,0.78891,0.787588,0.786176,0.783114
3,0.836524,0.83573,0.835046,0.833922
files/f_100000.txt
1,0.789398,0.78793,0.786614,0.783858
2,0.872032,0.871674,0.871284,0.870506
3,0.923496,0.923402,0.923348,0.923068
files/f_50000.txt
1,0.709838,0.70641,0.7029,0.696432
2,0.78891,0.787588,0.786176,0.783114
3,0.836524,0.83573,0.835046,0.833922
files/f_200000.txt
1,0.742742,0.741866,0.741274,0.739286
2,0.813302,0.813012,0.812806,0.812178
3,0.855412,0.85519,0.855066,0.854718
files/f_500000.txt
1,0.760374,0.760046,0.7597,0.758976
2,0.82619,0.8261,0.825956,0.825734
3,0.862352,0.862258,0.862172,0.8619