files/f_10000.tx
1,0.623468,0.623002,0.624022,0.623246,0.622584,0.623738,0.623252,0.62522,0.622312,0.62316
2,0.72685,0.72698,0.72773,0.726746,0.726436,0.727412,0.727492,0.729526,0.726808,0.727434
3,0.787758,0.787858,0.788366,0.788286,0.787522,0.78818,0.788384,0.79064,0.787598,0.78901
files/f_50000.tx
1,0.691218,0.69092,0.691534,0.691416,0.690728,0.691322,0.691392,0.693718,0.69105,0.692224
2,0.771534,0.771136,0.771424,0.771816,0.771366,0.771808,0.771886,0.774232,0.771558,0.773168
3,0.818648,0.818308,0.81856,0.818844,0.818302,0.818722,0.818812,0.821602,0.818682,0.820672
files/f_100000.tx
1,0.771594,0.771388,0.77162,0.772004,0.771448,0.771822,0.771948,0.774478,0.77167,0.773162
2,0.852654,0.852472,0.852548,0.852824,0.852296,0.852888,0.852696,0.856546,0.852666,0.85567
3,0.900634,0.900462,0.900268,0.90097,0.900318,0.900914,0.900398,0.906494,0.900784,0.905968
files/f_50000.tx
1,0.691218,0.69092,0.691534,0.691416,0.690728,0.691322,0.691392,0.693718,0.69105,0.692224
2,0.771534,0.771136,0.771424,0.771816,0.771366,0.771808,0.771886,0.774232,0.771558,0.773168
3,0.818648,0.818308,0.81856,0.818844,0.818302,0.818722,0.818812,0.821602,0.818682,0.820672
files/f_200000.tx
1,0.726708,0.726692,0.726888,0.727132,0.726608,0.727194,0.727078,0.73015,0.727058,0.728936
2,0.794604,0.794624,0.794682,0.794858,0.794216,0.794874,0.79451,0.79964,0.794832,0.79888
3,0.83313,0.833128,0.833156,0.833528,0.832768,0.833436,0.832956,0.840468,0.833294,0.839944
files/f_500000.tx
1,0.743172,0.743096,0.743092,0.743326,0.742716,0.743382,0.742904,0.74791,0.7434,0.74735
2,0.801256,0.801282,0.801158,0.80148,0.80071,0.801558,0.801016,0.810836,0.802064,0.81079
3,0.830362,0.830476,0.83003,0.83021,0.82964,0.830252,0.829576,0.845644,0.831328,0.845776