files/f_10000.tx
1,0.60708,0.606528,0.607522,0.607656,0.605534,0.607472,0.606544,0.609942,0.607026,0.607974
2,0.714496,0.71467,0.71578,0.715572,0.713424,0.715678,0.714706,0.71897,0.714826,0.716834
3,0.778416,0.777776,0.778908,0.779194,0.777198,0.77889,0.778374,0.782966,0.778622,0.78117
files/f_50000.tx
1,0.677638,0.67734,0.67813,0.678448,0.67641,0.678332,0.67753,0.681652,0.67792,0.680096
2,0.76369,0.763292,0.76346,0.764108,0.762582,0.764022,0.763566,0.767926,0.763904,0.766852
3,0.812866,0.812568,0.812976,0.813294,0.811782,0.81345,0.812656,0.817936,0.813446,0.817026
files/f_100000.tx
1,0.764106,0.763894,0.764008,0.76495,0.76311,0.764664,0.76391,0.768774,0.764538,0.767468
2,0.847736,0.84769,0.847916,0.848418,0.846724,0.84851,0.847154,0.853526,0.848316,0.852804
3,0.896508,0.896354,0.896284,0.897286,0.89548,0.897266,0.895646,0.904624,0.89724,0.90409
files/f_50000.tx
1,0.677638,0.67734,0.67813,0.678448,0.67641,0.678332,0.67753,0.681652,0.67792,0.680096
2,0.76369,0.763292,0.76346,0.764108,0.762582,0.764022,0.763566,0.767926,0.763904,0.766852
3,0.812866,0.812568,0.812976,0.813294,0.811782,0.81345,0.812656,0.817936,0.813446,0.817026
files/f_200000.tx
1,0.720804,0.720774,0.72098,0.721524,0.71988,0.721544,0.720506,0.725826,0.721416,0.72465
2,0.790406,0.790408,0.790422,0.791136,0.789312,0.79099,0.789936,0.79709,0.790958,0.796304
3,0.829214,0.829214,0.829244,0.830016,0.828012,0.829828,0.828498,0.838412,0.829848,0.8379
files/f_500000.tx
1,0.738968,0.738876,0.738914,0.739382,0.73794,0.73949,0.73817,0.745232,0.739556,0.744744
2,0.797664,0.797672,0.79764,0.798118,0.796448,0.798196,0.79685,0.809038,0.798824,0.80898
3,0.60708,,0.606528,0.607522,0.607656,0.605534,0.607472,0.606544,0.609942,0.607026,0.607974