files/f_10000.txt
8,0.953438,0.928308,0.927926,0.928246,0.92908,0.927056,0.928864,0.928192,0.933532,0.928796,0.93274,
9,0.970934,0.945686,0.945284,0.945578,0.946534,0.944608,0.946106,0.94527,0.951352,0.946072,0.950656,
10,0.985994,0.960358,0.95988,0.960304,0.960914,0.959098,0.960814,0.959986,0.966642,0.960718,0.965998,
files/f_50000.txt
8,0.959536,0.928702,0.928498,0.928506,0.929076,0.927064,0.929044,0.927738,0.939668,0.92905,0.939576,
9,0.974468,0.940706,0.9405,0.940366,0.940992,0.939178,0.941148,0.939634,0.953912,0.941312,0.953948,
10,0.98302,0.949656,0.949568,0.949232,0.94993,0.948098,0.950096,0.94856,0.965056,0.950436,0.965068,
files/f_100000.txt
8,0.986902,0.960662,0.960582,0.960148,0.960658,0.95905,0.960986,0.958358,0.975358,0.962258,0.975566,
9,0.986902,0.960662,0.960582,0.960148,0.960658,0.95905,0.960986,0.958358,0.975358,0.962258,0.975566,
10,0.986902,0.960662,0.960582,0.960148,0.960658,0.95905,0.960986,0.958358,0.975358,0.962258,0.975566,
files/f_50000.txt
8,0.959536,0.928702,0.928498,0.928506,0.929076,0.927064,0.929044,0.927738,0.939668,0.92905,0.939576,
9,0.974468,0.940706,0.9405,0.940366,0.940992,0.939178,0.941148,0.939634,0.953912,0.941312,0.953948,
10,0.98302,0.949656,0.949568,0.949232,0.94993,0.948098,0.950096,0.94856,0.965056,0.950436,0.965068,
files/f_200000.txt
8,0.92512,0.892218,0.891984,0.8913,0.89208,0.890408,0.891936,0.889626,0.910588,0.893838,0.910764,
9,0.92512,0.892292,0.892058,0.89145,0.892162,0.890502,0.892068,0.889626,0.910676,0.893982,0.910862,
10,0.92512,0.892292,0.892058,0.89145,0.892162,0.890502,0.892068,0.889626,0.910676,0.893982,0.910862,
files/f_500000.txt
8,0.871628,0.838664,0.83857,0.837812,0.838228,0.836896,0.838382,0.835958,0.85706,0.840406,0.857344,
9,0.871628,0.838664,0.83857,0.837812,0.838228,0.836896,0.838382,0.835958,0.85706,0.840406,0.857344,
10,0.871628,0.838664,0.83857,0.837812,0.838228,0.836896,0.838382,0.835958,0.85706,0.840406,0.857344,
