files/f2_10000.txt
8,0.999318,0.994812,0.994656,0.995228,0.995378,0.983276,0.995466,0.993272,0.996026,0.995476,0.996034,
9,0.999318,0.994812,0.994656,0.995228,0.995378,0.983276,0.995466,0.993272,0.996026,0.995476,0.996034,
10,0.999318,0.994812,0.994656,0.995228,0.995378,0.983276,0.995466,0.993272,0.996026,0.995476,0.996034,
files/f2_50000.txt
8,0.999206,0.994774,0.994682,0.995246,0.995372,0.98321,0.995492,0.99331,0.996058,0.995484,0.996064,
9,0.999206,0.994774,0.994682,0.995246,0.995372,0.98321,0.995492,0.99331,0.996058,0.995484,0.996064,
10,0.999206,0.994774,0.994682,0.995246,0.995372,0.98321,0.995492,0.99331,0.996058,0.995484,0.996064,
files/f2_100000.txt
8,0.999168,0.994724,0.994586,0.995142,0.995298,0.983088,0.995394,0.99323,0.995888,0.995376,0.995898,
9,0.999168,0.994724,0.994586,0.995142,0.995298,0.983088,0.995394,0.99323,0.995888,0.995376,0.995898,
10,0.999168,0.994724,0.994586,0.995142,0.995298,0.983088,0.995394,0.99323,0.995888,0.995376,0.995898,
files/f2_50000.txt
8,0.999206,0.994774,0.994682,0.995246,0.995372,0.98321,0.995492,0.99331,0.996058,0.995484,0.996064,
9,0.999206,0.994774,0.994682,0.995246,0.995372,0.98321,0.995492,0.99331,0.996058,0.995484,0.996064,
10,0.999206,0.994774,0.994682,0.995246,0.995372,0.98321,0.995492,0.99331,0.996058,0.995484,0.996064,
files/f2_200000.txt
8,0.999126,0.994598,0.994476,0.995026,0.995174,0.983134,0.995278,0.993056,0.995862,0.995298,0.995868,
9,0.999126,0.994598,0.994476,0.995026,0.995174,0.983134,0.995278,0.993056,0.995862,0.995298,0.995868,
10,0.999126,0.994598,0.994476,0.995026,0.995174,0.983134,0.995278,0.993056,0.995862,0.995298,0.995868,
