files/f3_10000.txt
8,0.999922,0.997712,0.997536,0.99781,0.997822,0.981146,0.997832,0.996978,0.99788,0.99783,0.997882,
9,0.999922,0.997712,0.997536,0.99781,0.997822,0.981146,0.997832,0.996978,0.99788,0.99783,0.997882,
10,0.999922,0.997712,0.997536,0.99781,0.997822,0.981146,0.997832,0.996978,0.99788,0.99783,0.997882,
files/f3_50000.txt
8,0.999956,0.997572,0.99739,0.997648,0.997676,0.981172,0.997686,0.996874,0.99773,0.997684,0.997734,
9,0.999956,0.997572,0.99739,0.997648,0.997676,0.981172,0.997686,0.996874,0.99773,0.997684,0.997734,
10,0.999956,0.997572,0.99739,0.997648,0.997676,0.981172,0.997686,0.996874,0.99773,0.997684,0.997734,
files/f3_100000.txt
8,0.999946,0.997646,0.997476,0.997714,0.99775,0.981116,0.997752,0.996958,0.99782,0.997754,0.997822,
9,0.999946,0.997646,0.997476,0.997714,0.99775,0.981116,0.997752,0.996958,0.99782,0.997754,0.997822,
10,0.999946,0.997646,0.997476,0.997714,0.99775,0.981116,0.997752,0.996958,0.99782,0.997754,0.997822,
files/f3_50000.txt
8,0.999956,0.997572,0.99739,0.997648,0.997676,0.981172,0.997686,0.996874,0.99773,0.997684,0.997734,
9,0.999956,0.997572,0.99739,0.997648,0.997676,0.981172,0.997686,0.996874,0.99773,0.997684,0.997734,
10,0.999956,0.997572,0.99739,0.997648,0.997676,0.981172,0.997686,0.996874,0.99773,0.997684,0.997734,
files/f3_200000.txt
8,0.999948,0.997688,0.997532,0.997782,0.997816,0.981214,0.997822,0.996952,0.997866,0.997822,0.997872,
9,0.999948,0.997688,0.997532,0.997782,0.997816,0.981214,0.997822,0.996952,0.997866,0.997822,0.997872,
10,0.999948,0.997688,0.997532,0.997782,0.997816,0.981214,0.997822,0.996952,0.997866,0.997822,0.997872,
