46
21
9
3
39
164
33
14
2
215
1590
2
1062
24
316
8
11
357
59
1
4
535
120
279
1
2
1460
1
4
5
40
11
7
80
20
3
1395
123
68
1
4
649
1
4
360
1422
52
1
51
418
12
1807
46
690
193
1
856
364
1
9
48
190
12
12
3
174
1
9
1
509
154
23
1
63
3
10
2
81
20
207
17
184
24
3
5
12
3
1872
517
1
10
226
5
5
106
23
336
1186
48
29
894
6
246
11
1
1
1
464
2
6
4
1
23
128
1061
218
26
95
64
2
1075
1
2
31
78
14
16
4
1614
696
21
19
19
509
1
2
2
1
129
11
197
5
393
1224
13
3
132
42
5
580
96
395
1
22
39
25
32
42
1
491
298
2
1679
2
1425
366
28
1
4
130
457
1
102
931
80
2
60
114
3
33
74
989
104
218
2
156
100
658
2
1
409
348
15
7
1155
1237
1225
97
1
93
26
47
677
64
96
9
1
12
53
1
175
1014
4
40
1
66
31
23
11
412
86
853
416
2
2
4
32
971
4
62
1
366
1
1319
4
14
20
1
1
1
17
13
707
74
1234
1490
28
236
173
188
286
22
17
13
56
72
2
284
258
106
4
115
10
12
1810
1
226
700
1472
30
21
1257
11
840
382
2
39
1430
432
15
244
236
293
1
76
6
626
59
2
458
9
17
190
6
19
211
553
777
5
97
9
193
107
4
317
532
33
86
21
21
774
4
63
15
1
328
37
1
21
1
166
5
74
925
7
1
5
2
5
188
434
431
43
1848
376
2
151
8
1
1210
6
532
5
1041
322
131
1
499
49
645
15
8
11
36
1048
504
39
228
374
4
52
11
18
1846
20
232
4
290
37
2
40
1
1145
10
508
1354
1
12
8
118
3
56
83
90
1343
1
231
91
4
129
982
55
569
7
2
789
123
24
111
70
36
1724
489
4
193
1523
3
5
43
4
7
1
1
1
6
1234
1243
184
2
33
1002
496
331
2
1
32
12
1
359
17
38
321
53
1080
1
17
38
10
17
115
1204
1321
877
4
21
673
605
18
1
470
97
1085
508
6
395
128
228
1
120
4
5
11
220
4
1104
1365
2
18
1
45
107
1
13
2
116
1
1339
65
13
16
61
1339
10
30
3
3
1191
505
1
6
208
2
1
1506
11
4
18
23
176
11
1
148
36
7
65
341
40
15
59
175
7
5
32
129
1865
1
1571
1
1823
4
66
1
2
2
30
1683
14
295
354
118
2
1
1
304
101
7
3
65
4
702
17
43
1
20
74
2
1
30
1
1662
6
4
379
2
256
1811
29
34
60
1
296
92
609
23
50
84
582
93
470
4
155
167
75
1915
1
4
5
172
49
145
305
14
9
6
662
5
3
76
124
63
767
3
15
73
6
18
395
18
91
77
814
625
1
4
84
52
3
120
201
250
145
6
202
1681
1
20
1327
4
160
1802
139
125
90
25
153
1239
502
1612
896
17
2
3
2
187
4
1
181
7
8
701
33
148
25
1215
4
25
3
7
16
50
2
1
44
109
1
77
527
13
217
773
33
1
750
1039
1
2
1750
607
1
128
79
92
1
232
1
51
7
754
205
883
37
20
138
1
8
127
2
842
21
1
1855
60
24
1
118
15
189
35
6
1
13
359
1
1527
188
9
439
45
1229
6
1503
739
42
161
258
173
781
604
621
1
2
1
160
26
2
21
1
157
34
1
5
1044
1
6
22
246
2
271
1965
1
270
1835
156
6
220
51
2
158
35
1
1033
101
608
72
104
11
1291
224
348
560
336
184
25
43
502
407
45
18
9
1369
14
45
4
276
1
1855
410
3
625
68
1
51
1272
1
2
65
6
37
389
2
1751
3
16
280
702
67
129
5
8
74
37
1059
1534
5
632
368
1978
1948
1
3
652
1295
1
22
217
36
10
283
1123
26
20
66
24
106
10
26
4
11
211
47
1
2
1473
132
1047
25
1
311
9
905
4
90
6
5
219
37
488
545
21
507
299
2
627
64
1478
4
599
742
2
7
5
4
48
171
451
1
108
110
2
2
179
1232
2
2
216
175
17
23
104
34
1400
4
68
255
130
202
1
527
88
4
294
1
1
6
72
14
188
1
1
164
990
1
921
305
9
4
2
99
360
421
3
14
68
1598
460
23
1
125
40
81
548
270
1306
6
751
22
97
7
25
799
259
18
1
5
12
18
1
603
1
80
2
19
1
761
42
1
7
3
235
28
352
55
1137
942
261
669
20
25
484
632
29
72
8
16
183
7
1117
1
4
5
159
580
1
127
31
1
5
2
3
1
3
18
202
2
126
5
3
1968
1371
1
1
309
2
192
4
1189
88
464
2
160
122
89
87
1241
37
39
1
1
882
1
93
83
23
1948
6
27
93
30
4
73
10
494
46
134
30
448
11
2
54
91
16
671
1
140
16
456
20
21
1
463
7
52
7
24
5
85
1093
2
391
169
29
56
89
9
310
78
76
87
294
939
975
76
77
1630
186
452
9
3
4
988
242
1487
1
2
1341
135
29
36
191
6
361
10
1047
152
954
1000
4
991
24
1946
707
52
76
4
31
2
87
52
3
508
43
1781
172
29
83
95
2
70
2
1
568
314
27
4
35
1
55
6
1
1
12
453
1
17
1698
1962
3
1
3
1267
20
863
2
1
4
2
311
3
12
10
5
922
1
18
97
42
1045
34
1
296
16
14
8
1164
455
1
111
179
13
1199
3
1145
103
1379
359
129
920
833
4
15
10
7
37
335
4
1361
506
225
50
4
30
517
44
1
3
1
197
1
106
5
364
10
4
4
1679
615
5
1
169
131
1
10
16
1
1
180
42
20
11
3
603
670
282
767
116
1
320
6
2
97
836
398
4
262
156
1
2
20
229
846
71
1
58
24
3
5
1
28
40
31
7
95
1048
3
1
17
18
88
221
17
1381
3
1256
1928
4
1
2
5
199
427
746
1692
3
7
21
4
186
1548
124
77
1697
13
194
235
57
115
332
1
133
461
433
11
1
592
16
1
39
49
6
7
1
76
184
1
210
10
1301
61
602
1
1895
130
254
1216
1
1
4
29
42
7
119
30
14
3
19
314
12
230
527
1038
1084
9
23
278
18
25
1
29
65
33
61
32
111
3
350
64
14
6
87
450
1
1
18
4
1269
3
1989
149
182
20
1
1731
895
11
87
7
16
846
481
1
4
22
820
13
1
15
2
108
1403
3
1
1
13
216
3
132
31
29
63
3
689
4
1
47
231
1
1
2
1
9
543
539
47
153
71
97
39
3
1
8
85
28
19
8
620
714
21
126
1
3
3
3
1
1
13
2
513
157
49
19
445
6
425
701
529
384
9
1
529
96
7
119
942
3
9
333
12
665
16
1300
1
348
4
974
6
8
655
601
3
1
66
40
2
227
61
3
434
32
618
90
9
68
273
15
132
6
3
3
1592
323
8
1
11
810
1
4
1
2
32
29
317
3
148
1169
22
29
31
711
6
39
193
3
2
11
11
2
37
19
139
556
1509
7
162
97
215
11
2
674
140
454
28
111
81
16
78
34
1527
17
10
12
1
76
1403
67
488
532
528
22
29
2
9
10
19
89
11
6
203
1779
160
13
338
4
5
367
93
7
41
4
4
1571
1313
751
2
111
1
8
7
3
293
409
10
1361
2
143
172
6
1
118
649
9
5
1
4
7
325
357
15
1662
1
3
221
1
1
1
3
19
10
6
667
1718
4
1
112
841
44
2
299
7
686
23
19
52
16
15
12
1669
219
6
32
1
134
320
5
356
5
132
2
1
1646
57
1
1
1
47
24
1404
1
10
41
6
703
15
3
1
79
70
407
1
155
86
16
5
12
8
21
111
2
48
8
10
3
93
3
3
11
22
1372
1
75
3
82
1540
5
1
6
1
44
21
1
9
124
2
1
1
4
2
30
1
2
3
5
77
1
1
1
176
428
18
9
2
9
3
28
14
829
119
5
380
7
213
11
1
1874
428
1
534
129
1
448
1
20
1
65
6
1
18
41
5
92
1700
1
7
23
35
1
269
1798
73
14
10
22
1
6
1
57
2
6
1
426
32
5
166
1
3
26
18
1
1952
1259
8
7
3
1
1273
4
149
3
238
5
305
32
656
141
6
1
57
128
2
541
579
1141
34
13
186
100
1300
1315
3
68
100
13
2
2
3
12
440
2
1
238
11
8
3
43
1600
70
261
310
34
211
2
21
1318
28
358
663
418
19
1
1
1
97
176
23
123
56
13
1
75
146
66
29
509
4
114
89
350
5
24
8
956
535
22
1
13
12
21
42
177
222
7
275
130
892
773
62
157
1
33
577
462
12
885
4
3
1554
1
58
50
147
6
791
61
112
8
628
4
3
21
451
97
657
7
445
21
12
30
4
350
9
695
2
2
1640
1007
23
9
8
4
2
240
607
283
9
32
485
1482
16
1
9
1599
505
9
32
2
39
4
3
953
154
1
76
9
401
859
2000
1
4
907
131
13
290
2
275
63
17
642
63
3
429
1
76
1262
1622
905
1
154
32
279
1994
12
1
174
5
63
3
8
26
19
28
2
1884
1211
25
550
3
786
503
118
1
120
27
92
1238
2
51
847
1473
12
289
1
80
301
310
1
1
1828
2
447
298
53
1
1
67
3
1
6
340
18
211
9
6
904
483
126
1
1595
1207
1568
56
147
83
5
2
10
82
37
1132
9
1488
16
59
349
6
1310
1317
1
350
47
23
1
5
1
13
20
12
2
316
1210
1447
40
6
1
27
1827
22
604
3
1627
38
393
8
25
13
1
2
1612
404
23
618
31
191
62
2
14
275
12
3
6
368
3
360
1
1
1836
346
968
4
1
1
329
23
38
770
5
51
207
1
1
40
21
193
78
4
54
1
44
179
130
2
1813
1
27
929
3
52
5
651
104
8
3
5
488
13
1
136
2
436
1003
1931
6
51
3
308
12
106
1
3
1456
652
576
454
1995
39
46
1
614
3
3
439
72
6
6
1
2
13
758
14
146
315
519
4
1
5
211
484
32
1
54
2
623
1689
39
638
191
1
200
1
14
1
1
16
414
835
1
6
69
679
8
6
5
1
33
2
2
2
10
1251
1191
2
2
6
7
623
426
32
6
28
70
865
26
98
24
4
5
243
153
3
3
373
49
74
1
2
5
1217
393
45
409
3
14
642
1
9
1489
12
58
8
311
1
147
3
173
153
193
34
1
2
459
9
18
52
29
1
936
20
1
82
11
2
151
6
288
42
11
68
1
7
19
223
323
1
46
25
25
2
1
24
8
203
330
3
14
288
393
110
741
48
1768
140
1695
71
4
21
1604
1388
208
27
641
6
430
171
1426
14
30
52
308
52
3
76
25
17
5
15
2
48
117
1647
4
945
161
6
1975
1
20
3
357
4
285
7
1313
130
6
357
418
1162
562
1
7
2
6
3
1878
60
12
35
36
1
3
40
604
310
35
1
7
5
21
1920
293
67
119
1298
1
1
601
242
290
1
1278
5
285
130
1
1
74
424
301
200
1468
11
693
61
1456
7
391
192
1
5
1239
2
114
5
22
130
203
6
7
145
275
400
1390
2
5
915
35
16
246
412
18
1478
239
75
7
3
436
6
27
87
1
6
1509
655
129
2
366
46
7
54
2
29
332
12
10
3
1348
1
1
1221
83
10
125
2
19
4
22
28
3
2
131
498
4
1795
125
1723
42
1133
6
5
280
1898
475
7
60
29
11
248
4
1
1
28
32
68
185
8
325
13
58
4
98
165
1
533
112
4
4
15
334
531
1
9
366
4
21
1
901
98
719
30
114
3
12
3
602
71
2
1
1
583
173
153
68
214
33
778
140
16
64
1
17
268
30
209
16
391
3
1632
3
2
483
1138
275
4
1
17
19
61
149
1
3
170
1
23
25
38
29
14
67
88
129
34
3
1
109
10
97
246
348
383
1202
6
34
18
287
9
22
876
9
2
4
60
130
1
17
15
2
137
229
201
2
94
1
22
19
1923
1801
354
1
122
648
574
48
1149
1
21
8
471
16
46
4
619
900
8
1762
95
3
2
2
49
165
668
485
4
251
1160
82
1264
205
1763
149
19
1
3
7
2
1
136
8
3
14
7
63
13
1
1229
2
3
82
1
17
347
2
132
1
1
16
11
3
536
81
25
1842
14
62
9
1
1091
1
34
9
371
132
4
7
62
796
3
99
47
28
1359
53
798
1069
35
93
229
2
1
61
251
3
1
65
95
5
4
91
1718
1
3
1
117
1
21
59
9
4
24
188
386
292
17
29
20
35
1241
9
62
512
1043
23
38
26
3
926
68
480
86
35
2
8
8
1891
473
439
807
1
121
6
16
145
2
737
1
1
8
501
642
1401
1
25
1839
242
230
18
7
103
284
5
114
1
503
5
175
5
492
806
23
458
1
3
32
5
805
1289
1404
3
1167
233
1
4
1454
76
4
40
11
146
877
738
484
836
20
21
329
1597
103
1
1
117
1
285
9
175
123
10
7
2
1
22
122
8
76
34
268
7
347
9
786
1035
3
99
636
1473
1
349
100
3
431
14
68
2
1720
34
17
1
20
1
701
1869
25
80
453
7
919
265
1
3
2
6
6
2
12
45
1939
1158
66
28
6
2
1650
2
4
123
1
1
17
2
1
23
17
12
743
106
274
751
174
2
2
50
3
29
11
6
99
635
4
1
272
225
7
68
36
336
342
1540
37
400
7
20
17
27
1
3
1
1
5
58
192
15
8
3
1036
127
1408
25
1297
1
234
1
54
38
153
4
10
255
3
455
3
131
1
92
4
1
9
39
1
147
1
52
1
212
896
322
2
594
3
469
34
46
1235
5
30
17
1
136
27
12
537
41
187
157
276
81
1
86
9
1
837
663
2
2
35
3
3
15
691
3
374
2
1
3
363
1
17
54
50
280
9
22
1
45
286
96
61
11
2
3
1784
232
2
20
1
177
949
3
234
1
21
606
7
37
1
1
119
149
162
531
20
1287
765
52
593
305
16
118
1
58
60
12
43
26
2
1387
4
5
47
419
879
3
108
2
270
249
23
100
9
5
6
2
2
8
116
41
1356
26
4
5
6
98
2
3
17
32
1057
194
13
14
951
1
188
452
37
11
10
462
12
1240
5
4
1
2
3
3
43
2
30
30
8
1
15
5
3
499
604
3
51
101
1235
40
814
481
1263
775
670
5
1967
66
68
137
1269
233
26
8
14
295
166
36
3
14
1
621
203
3
201
1
3
432
158
201
1
58
1
235
63
2
2
154
180
2
14
3
1444
1
25
3
1201
1
8
2
1
1658
6
1
22
112
8
1
584
340
96
7
92
1209
2
7
11
180
1
26
3
278
640
13
134
17
64
296
59
29
21
439
1
35
4
843
98
497
393
1929
10
182
1209
69
268
40
39
1
409
6
1
1792
196
2
2
127
1
1
167
215
1577
868
413
300
1525
19
1902
25
1
8
1130
4
185
7
689
257
23
300
14
131
1
1445
14
122
3
45
1
1805
5
1
2
5
1
53
43
396
1944
1
2
723
36
24
53
272
3
1
1
3
1
114
7
1
3
3
148
1
2
995
1
2
21
1753
23
31
2
123
56
29
2
13
675
208
19
2
558
897
1214
46
1
78
1268
410
38
252
24
648
4
1382
7
2
7
20
6
842
2
606
1
16
547
488
12
1
4
1
14
26
491
25
6
3
242
630
1
45
449
7
9
4
27
13
795
42
206
33
825
126
3
246
285
140
1692
5
165
1
213
9
4
818
1
15
10
2
14
11
7
3
1
1
20
2
1
20
2
73
26
3
3
1
98
197
989
3
18
102
590
1882
7
5
407
13
510
91
226
4
3
1
357
1
2
306
64
67
71
20
700
279
19
8
2
5
4
1
30
63
2
477
4
394
457
147
50
23
564
178
548
98
36
237
7
1210
1
17
193
5
4
1351
72
116
261
198
938
4
6
71
3
2
88
4
354
1354
3
77
43
101
1134
25
655
8
1
39
3
431
1
2
65
72
339
25
810
6
16
98
1
1
47
14
7
209
47
116
10
179
12
45
12
82
3
97
19
22
1840
10
3
706
85
6
18
2
17
1062
33
30
1509
277
72
7
404
1
1
7
1
10
1301
1054
219
692
1
12
6
2
1
13
12
19
41
108
59
370
3
15
1
14
7
15
1
36
16
2
6
231
6
154
497
3
418
3
82
15
4
84
126
299
35
33
25
312
10
2
1057
65
1
96
4
34
9
93
79
1
129
2
1
17
1
743
532
2
46
2
323
16
31
834
996
19
456
27
323
47
15
33
1265
36
46
2
87
3
385
3
2
212
1
252
10
2
1
705
345
7
103
427
1
461
7
23
2
1298
867
459
8
58
100
1
701
398
15
4
10
1
67
47
9
1
1
565
215
2
83
1
1141
370
2
2
94
4
8
60
10
64
1
54
7
2
6
2
115
322
91
4
6
434
39
1
9
11
1
5
954
78
4
1678
478
37
627
470
234
1
1
270
1404
5
1738
1
281
1
1
1
4
1
1869
110
189
103
1
13
51
246
28
4
1806
765
43
691
741
4
1414
140
15
6
61
94
14
2
1278
1559
3
9
2
137
67
5
1
459
1
1253
1
591
340
1
124
1984
13
719
20
14
1610
2
5
26
570
624
13
2
3
110
46
1
1
447
15
139
103
993
613
180
1062
233
312
11
1
8
44
35
17
174
4
1
797
44
44
201
1
45
43
6
1
86
6
10
64
1407
83
3
68
127
2
1679
352
2
6
33
11
105
9
4
469
232
907
12
11
4
75
9
22
24
136
1
2
49
2
167
6
33
13
1
334
62
308
2
1706
6
33
347
210
15
107
4
1
1522
1621
334
8
1499
55
149
4
11
1
398
1
1023
85
8
20
40
1114
28
386
116
49
483
1
61
1
39
1692
2
64
2
42
175
62
129
1909
1353
1155
64
2
23
2
10
1208
105
55
6
193
4
201
9
44
221
1
246
1
266
40
212
3
1998
18
35
23
3
62
19
146
4
56
1035
5
118
25
94
41
103
70
1480
1555
486
23
25
1
12
144
1
49
3
181
3
11
1857
61
2
701
437
127
1
190
2
1403
276
1
16
18
1315
1
363
1841
1251
1
232
5
18
369
715
1
395
23
757
421
36
21
69
26
1
287
281
360
1
28
220
738
67
71
283
55
37
48
159
57
16
7
1
7
27
14
39
90
137
11
154
15
173
1
1840
22
1
1
2
2
157
1
193
123
1
1
163
3
68
1099
45
12
537
1824
10
44
1418
55
96
190
1
63
1406
185
1
1692
2
172
24
493
51
220
15
10
165
2
6
1206
16
982
4
241
91
18
105
118
233
1
2
81
11
215
6
897
1
253
839
84
47
7
53
2
160
51
36
19
1
11
9
1
2
481
892
8
78
16
1450
1
6
13
241
8
2
1732
1
9
807
2
100
2
4
476
1
63
1
42
520
467
26
1
14
20
3
3
50
160
37
50
6
1268
3
35
3
98
1
55
9
109
2
3
1
13
7
1
8
418
1
1394
434
11
593
194
1
12
1
1
4
20
140
3
346
215
593
15
28
77
35
392
25
105
716
8
588
81
31
333
375
9
545
5
140
209
2
1
1
136
1
5
2
4
2
3
5
2
181
590
34
6
198
1
3
1
9
122
4
5
16
21
767
416
1
104
875
19
55
15
2
1468
4
1
143
3
72
7
11
96
1049
301
284
3
32
16
758
3
158
1
77
63
3
943
8
35
927
5
2
1052
9
480
74
40
127
62
1
2
53
1
23
102
177
3
448
1
1573
1
176
212
153
769
2
7
535
50
3
105
121
1615
69
415
4
523
136
308
982
2
95
3
3
1
446
123
1
141
563
18
29
108
239
125
567
6
475
5
53
1672
370
3
3
66
56
324
5
87
4
1744
717
2
514
431
375
1
1963
791
286
1303
1329
1
12
128
24
1040
315
660
3
3
49
200
17
891
15
1771
606
10
263
9
1
227
949
56
5
1619
3
238
3
35
5
4
648
13
1604
418
1
2
1407
404
6
1
108
244
1
203
158
17
83
37
23
12
226
4
4
81
419
58
4
6
1
10
1020
1
166
1
2
494
12
88
1
1
169
105
79
6
23
1
5
247
22
821
653
8
6
3
32
636
60
25
36
1
60
6
667
17
147
13
12
209
10
154
28
14
124
54
18
641
283
8
12
3
3
104
11
285
43
300
262
11
60
140
1207
1398
1
10
27
1
536
1
87
1
2
89
905
52
23
65
481
1
436
2
3
57
9
480
9
185
156
228
24
7
237
1634
57
207
1
107
218
1746
242
515
18
482
204
1
2
1410
466
558
144
5
24
1356
875
2
1
164
899
3
7
782
5
82
25
1954
57
27
2
358
74
118
1368
647
381
1
32
333
25
35
314
1
820
1
1
23
604
1
18
1438
903
546
15
1
115
1277
2
1
1
630
13
2
141
17
1
3
96
3
81
48
107
416
27
1
103
254
577
148
1
6
3
127
1
3
6
1
12
4
2
1
659
18
1
3
51
42
636
511
3
20
365
1445
1476
2
2
1
8
319
12
11
1
10
36
1321
1
268
614
1443
4
301
122
763
404
1
13
3
1163
338
5
8
1631
9
13
78
13
217
49
1
2
2
6
2
1
407
789
2
5
2
59
1
33
25
1
857
7
7
245
127
758
11
873
1826
35
1
9
350
18
45
34
16
1059
17
1
1
1
3
2
7
1061
376
1261
1
4
1
17
12
302
21
1140
4
103
418
25
4
17
531
98
4
1
179
129
434
1
2
2
3
1
335
345
7
1012
593
9
4
22
34
384
112
4
6
1
117
177
10
1
310
338
8
1
41
644
1
203
28
11
1
24
78
222
9
737
4
3
899
1
10
11
2
196
1115
169
7
6
303
3
1
64
266
949
1102
5
1132
1111
302
214
129
24
560
6
115
799
1164
6
13
63
63
383
17
45
297
221
55
1176
1
615
3
45
567
1025
779
1151
3
57
1164
247
2
227
869
1119
234
468
33
1475
1458
76
125
1
4
78
2
753
4
2
1236
60
1
114
61
199
2
327
635
1
51
2
2
49
6
24
2
1949
1148
521
1
1744
40
1
682
1681
1
550
5
93
50
5
2
299
22
1
397
3
1035
11
572
411
42
13
227
42
243
586
104
37
1
6
1006
580
476
1
1565
793
291
153
1577
30
1
23
86
85
1056
62
25
12
23
5
1
1421
88
212
18
1
3
16
2
8
10
1
44
45
118
282
553
207
2
28
1206
21
4
1
7
18
3
46
1
16
96
699
49
1
1
13
695
8
310
98
371
1451
1
1
3
1089
133
30
526
21
33
33
8
703
206
817
6
23
69
2
359
853
1
14
50
9
2
5
88
2
35
1
228
8
15
9
197
71
580
1
95
594
126
1562
1091
165
5
33
1
26
795
130
758
1835
597
23
3
24
9
636
129
1349
1460
204
4
223
4
199
9
1
2
5
1
268
279
766
136
35
9
1
74
466
1485
2
158
46
4
258
3
6
86
17
10
457
672
48
322
64
2
3
21
906
164
8
778
77
649
9
269
6
1
370
31
2
53
2
331
79
5
1
51
1989
102
71
1786
128
3
1
1
3
17
41
199
551
138
1
6
1
7
119
12
94
629
1282
84
106
52
3
14
123
188
384
1
37
12
454
17
2
100
448
25
35
1
122
1709
927
2
2
17
8
1170
79
14
261
1842
1
3
1619
1
10
14
874
54
367
757
15
42
4
40
249
3
8
4
44
7
1517
292
7
1
117
13
17
6
218
6
19
1
11
306
1
13
1
1
362
1169
319
26
4
180
23
1
8
30
538
6
106
17
9
1394
5
1
781
40
21
18
33
514
317
9
3
1651
7
23
1
81
1101
6
462
66
513
22
1
62
11
33
1
141
1689
278
16
4
135
3
13
8
18
850
105
729
148
17
79
5
1
46
191
10
1
191
1
1
493
7
679
362
3
1
1808
6
1319
1
1
9
1620
667
522
1989
223
1
740
1
59
6
71
877
1551
2
42
9
22
26
15
1580
2
30
3
569
94
390
817
33
1
338
4
17
9
5
1
93
6
1960
858
9
63
291
2
94
6
424
1300
23
1
1
42
2
19
59
3
1
54
83
1
73
129
5
57
997
170
2
1
658
1012
56
64
1776
2
3
2
1039
10
26
11
88
185
65
65
34
13
1
317
127
22
406
3
51
38
2
98
117
13
53
41
734
2
248
817
11
1
363
124
8
2
31
1
21
34
408
4
1
1229
47
9
174
341
551
449
6
13
1210
1
4
1374
276
860
5
3
160
1295
27
8
131
1
33
8
62
5
5
2
12
137
6
1
567
78
780
2
19
79
1014
954
12
6
308
960
2
861
6
322
825
64
763
202
33
7
872
1
69
1
38
7
1
30
1
1150
2
766
1
844
69
51
11
1
3
13
7
3
7
4
5
435
1
392
53
10
789
724
582
1469
4
1337
378
919
82
14
112
32
10
4
204
2
8
1
24
36
60
293
11
141
2
1363
836
74
538
8
6
19
325
8
285
13
835
1
4
5
253
311
337
9
740
13
25
2
1
2
4
83
66
52
104
25
1
1170
549
30
7
174
541
249
2
295
5
356
1
57
18
173
44
7
138
1
1850
90
10
2
3
362
13
5
1208
1252
25
140
1
1
248
25
479
1
361
1725
561
23
5
4
33
1870
178
6
11
137
75
734
31
8
592
83
1
211
415
484
1
155
39
5
174
1
1147
64
8
476
1395
1
669
110
36
1161
1309
58
1557
5
873
2
135
128
81
17
826
4
1106
2
335
181
22
17
1
5
43
597
307
5
278
1
55
192
366
3
220
3
7
192
3
51
1
1267
20
516
56
93
145
2
14
1
2
276
5
4
7
1874
301
498
448
292
19
18
2
1
4
1
382
1
322
90
2
6
3
84
365
7
240
4
1
70
141
249
1504
149
209
773
75
2
3
5
3
4
1
17
162
107
630
138
18
1984
13
5
7
947
10
110
63
2
84
21
65
1883
828
3
147
405
1822
37
216
1109
29
4
1
1
5
164
121
21
1562
381
4
23
2
1673
875
61
807
20
15
914
39
1
852
1522
1369
454
1
25
225
1168
1133
82
395
1
492
48
563
20
86
136
120
1642
11
51
16
880
647
226
1219
83
3
3
1942
18
8
1
1
1711
7
1
779
119
7
11
3
2
4
289
1956
214
7
1668
200
1190
43
185
15
161
151
40
5
10
1
1
8
54
70
34
9
557
288
39
97
521
3
1
4
1
1
5
1
12
36
30
126
26
9
571
670
244
25
2
47
1
241
1589
226
70
49
1845
14
1
5
1
3
13
424
1044
51
10
341
419
10
67
1612
16
17
43
1
11
3
34
127
262
795
38
6
119
9
2
2
2
1301
5
10
12
152
2
28
96
437
2
104
1
2
15
1
1
36
54
24
1
1
797
1
2
163
6
303
1150
1452
7
497
1
129
4
265
2
461
1934
431
8
1578
419
14
4
458
342
10
11
1
22
2
77
1
1
7
234
1
19
78
22
1
25
2
1949
12
3
29
120
490
5
1483
2
1
939
23
15
621
848
1257
161
631
5
1126
1
6
5
1
447
11
25
50
22
201
186
362
94
1
2
1396
1010
3
1189
1194
3
1
292
23
1009
1400
26
107
1
4
2
4
707
88
12
1
63
1
483
34
344
1924
902
12
26
1
63
1
1405
6
823
1
31
52
6
190
348
29
60
2
8
402
694
3
1
1
11
5
15
8
47
497
3
5
16
1788
77
4
52
3
2
135
837
389
152
7
15
1844
1
15
228
16
1
3
13
4
777
8
3
36
464
85
1
14
4
2
48
142
59
1
1
54
6
2
5
167
40
10
165
3
32
68
1
314
6
190
182
1
471
9
726
445
4
44
1
39
24
2
81
1122
1131
1
876
1
1
4
1
78
1
1
1383
1
3
138
63
20
906
1553
2
3
2
333
292
1369
1000
22
1
121
1
12
187
345
1320
424
951
252
8
191
2
20
195
404
301
1
66
2
1
22
43
19
232
247
1307
741
324
6
104
130
1181
16
646
159
4
425
148
1
50
6
483
1
168
558
1
1
443
1484
2
5
172
31
368
156
1280
8
4
18
2
1375
14
3
72
34
1
5
1644
6
13
7
293
159
279
846
20
1290
133
34
1716
6
28
107
948
1
165
1969
22
162
538
531
514
1468
738
232
14
1030
1
1
1
1478
4
1
22
7
106
4
9
9
44
1631
2
1586
1
440
208
5
183
315
4
1913
1
1351
37
2
418
150
3
1306
388
2
1292
183
64
1
7
10
5
2
1
6
1
540
4
49
36
1
2
504
12
1
139
10
726
113
115
12
681
1359
253
66
2
453
448
83
117
8
8
221
84
11
400
1505
19
1
1910
514
3
3
3
247
6
18
1768
64
1
121
1884
4
142
10
1
1938
1330
88
284
28
364
452
108
1147
21
1
1
46
89
1450
792
7
65
106
2
5
1
257
89
1
1602
219
10
3
243
1
34
1915
6
3
443
269
263
647
2
59
26
10
10
2
1908
6
583
203
126
72
3
3
15
1008
1
20
25
638
271
2
1
1797
11
4
198
1
3
2
4
70
1609
106
1
4
1
232
397
360
835
532
1682
84
1
13
2
2
16
1022
46
340
39
77
5
49
7
1027
21
15
521
81
1
9
7
1
4
11
1
187
10
375
727
1919
999
23
114
2
1
1213
171
53
2
390
23
553
522
125
227
47
7
978
191
2
1048
20
10
9
3
26
1
1
1613
2
1
23
1
37
221
11
3
1218
479
28
24
7
5
5
23
5
958
20
9
2
1136
32
10
4
98
9
1
10
30
1
1
17
160
21
150
50
101
1
97
62
1
14
33
471
78
886
14
90
1
3
15
5
2
512
17
8
1
223
1
20
20
277
1
1
239
3
1
1
43
1
192
2
773
21
1
130
3
2
123
70
3
62
1
2
58
101
1
3
6
182
1
600
4
621
1698
3
613
19
151
4
118
12
85
1012
13
7
10
11
7
6
117
587
1688
2
7
1
66
376
2
1
106
177
2
223
4
35
189
572
67
727
174
663
398
2
1
379
770
15
15
165
7
23
911
450
684
1
74
17
165
121
10
530
33
3
1
1
123
1
9
1167
2
5
1
142
36
574
641
123
522
2
1694
76
1
60
1
2
1
4
1018
1
4
8
2
185
1205
100
96
114
1
151
63
2
5
41
431
9
306
1367
32
7
4
145
1
84
1
3
435
16
4
23
1891
1
433
6
10
6
491
1433
812
420
942
84
20
12
644
1099
9
925
1
7
1670
1
136
3
21
142
34
521
1
79
1953
405
26
411
2
1307
10
18
169
3
29
663
62
1599
1608
2
1
241
85
2
755
3
8
3
31
2
39
12
5
206
471
26
390
1
4
31
1837
28
66
100
1
9
47
8
1061
765
292
255
3
129
96
6
2
17
984
677
696
127
58
1
30
114
25
812
430
5
1049
1126
6
190
63
7
35
133
133
1
2
7
8
1
991
290
64
854
812
15
28
2
383
112
383
21
317
2
79
488
354
1853
93
121
25
16
6
7
241
1366
14
607
20
1
1
444
26
16
421
97
1139
1
7
191
10
10
9
1832
23
15
42
47
24
4
4
14
2
38
1
2
1155
1808
27
446
1
1
13
3
1
23
546
1
3
800
8
1466
1
1192
14
136
31
655
11
675
1128
173
35
12
223
572
63
24
36
51
7
2
6
29
6
185
3
107
617
1046
6
1
663
2
195
1495
70
25
12
3
1
44
50
148
6
545
1
2
7
8
39
635
389
35
82
1
113
18
131
115
57
17
4
8
2
127
84
489
1
47
49
677
877
2
349
4
356
146
187
13
6
941
326
1842
6
1406
3
1798
298
1525
1
2
93
7
126
17
131
3
495
185
116
9
916
77
160
1353
239
176
1
2
6
152
654
67
1
31
3
18
430
1
148
17
8
1
13
1365
734
923
799
4
2
20
25
1
26
1023
502
3
717
1
1075
1
13
51
89
1
93
887
6
2
77
15
245
23
116
1
1
64
1
183
415
1
154
835
11
3
649
903
202
1
15
13
309
200
698
2
1
677
142
20
632
169
8
50
50
1
983
128
2
3
698
730
6
1
108
45
137
410
258
4
10
5
24
7
90
170
613
847
15
112
728
2
5
1225
16
97
175
226
630
1
427
5
1151
22
13
33
4
499
1
1791
1693
1
2
12
547
45
502
630
30
1
7
1089
157
44
3
15
56
753
33
297
71
1
85
2
16
50
24
8
53
23
655
6
266
2
66
7
37
1073
19
2
7
464
6
21
226
1
1353
131
43
4
6
197
2
26
3
130
345
469
19
41
65
1
49
162
8
701
3
10
13
16
271
3
140
75
1
908
30
137
812
17
475
261
4
10
665
35
595
1488
11
22
41
11
289
76
84
95
25
9
14
19
4
132
2
17
8
980
782
12
1
17
1030
147
3
3
15
13
1
1923
2
45
143
5
409
1611
109
1
11
10
61
3
255
52
4
1
158
12
2
8
3
5
1
422
38
18
208
748
905
1067
253
8
20
7
23
9
39
9
234
350
1
340
169
20
9
1186
595
1
1922
57
14
4
4
3
1
1
1617
39
8
2
79
3
1
2
1
331
35
146
1519
589
1
228
16
33
1380
54
245
3
2
151
1
59
1867
7
19
28
28
284
147
1
3
275
3
2
199
21
122
27
28
1930
10
2
3
7
6
2
1
755
32
1
773
148
23
251
172
1
303
135
798
20
2
13
5
8
2
2
409
606
1
32
245
443
1881
2
193
27
53
1
3
103
24
11
530
445
858
6
100
555
131
49
438
5
2
110
33
57
13
788
167
2
1
1480
6
5
26
1591
40
165
55
347
1630
147
572
1
644
102
6
968
4
59
150
21
29
1
17
1
4
10
1
2
1
3
3
4
1
1036
5
22
10
55
388
10
1426
8
1
29
126
1020
35
35
87
13
386
32
333
579
860
209
159
61
262
10
4
217
5
2
80
1040
1620
3
1
219
195
184
306
41
660
1500
142
946
1
1
228
15
19
2
225
105
906
55
3
3
8
29
1667
38
621
6
342
480
41
25
300
2
1522
1340
1
24
14
511
748
3
6
56
4
32
38
2
745
1535
1
5
253
26
1
1
103
15
3
8
129
6
1524
1785
3
22
1
1242
2
44
95
151
6
33
2
2
31
111
227
639
2
6
514
1018
401
4
60
1
51
463
1
12
6
1
11
844
8
27
47
187
105
68
822
57
242
61
35
198
3
45
255
1
49
1
1381
15
156
1230
282
1
25
1
3
1843
200
1077
125
68
839
9
101
142
16
352
1
103
193
1
265
4
22
290
274
1
26
339
14
20
148
788
9
1631
149
3
1767
77
90
1
111
69
3
34
78
1207
114
4
1157
363
5
1
6
1
452
3
209
1
17
32
271
1
41
24
3
2
258
17
9
797
1326
1537
1530
26
1
1
15
88
109
40
7
375
1370
1257
808
345
8
105
29
9
650
634
1
174
6
14
77
204
200
41
299
62
105
273
34
758
32
1
210
5
11
224
3
1
35
15
1794
2
158
1
1095
38
270
38
638
1694
432
778
1030
7
349
11
4
20
356
1
540
1109
1
35
192
24
93
1172
1017
1
1
515
52
60
5
1021
7
38
51
1
19
4
1
479
28
1
94
108
216
8
66
179
1
502
94
2
142
1
143
3
12
1
2
2
166
416
1
70
189
12
1753
244
433
62
546
315
3
2
390
2
1
1
86
2
1817
20
91
13
4
3
884
3
617
86
768
1
12
19
20
5
37
263
3
12
34
1794
738
2
1957
45
5
71
1048
7
562
6
69
13
1
5
1
166
117
1
174
205
1667
629
1238
4
265
12
49
187
883
2
656
10
366
818
1
40
1271
140
24
429
1555
1
992
1462
5
29
3
1322
5
2
800
78
27
836
1
2
396
1773
190
2
2
33
748
53
3
6
264
1
1
6
25
526
2
19
66
37
15
248
1
1419
295
2
2
1085
29
158
16
75
27
1582
489
19
39
8
6
1612
1891
6
87
40
44
1
45
3
878
338
208
50
26
24
80
11
1387
1
2
1040
7
2
1519
3
4
22
63
576
12
231
267
542
585
863
199
44
1
1
2
614
20
90
16
41
204
1
52
12
637
3
17
1049
170
1082
3
504
7
12
1172
135
113
2
7
808
3
11
2
46
98
2
3
332
1685
1274
694
13
1
48
7
745
159
619
151
40
1824
1
906
97
2
1948
23
14
24
214
1
129
1088
239
790
382
333
358
29
8
1
159
198
3
1727
364
1
5
1742
26
6
2
9
8
361
6
128
214
1
1
1
2
23
368
7
2
53
20
23
2
4
1
1
1
85
1106
23
4
91
15
37
1
130
2
30
78
17
112
12
6
4
1
41
12
555
161
8
1
1
1595
1571
1
9
20
14
35
1399
13
324
1
9
69
6
19
1157
1
12
1129
594
203
15
2
18
167
2
430
119
2
171
514
77
1185
9
1368
2
71
164
1
190
36
4
12
9
61
236
3
1578
61
14
1
472
1050
25
17
3
2
11
13
83
5
33
146
271
253
1
626
297
243
1170
80
40
1
13
223
225
1
837
1
43
1771
1
531
1283
534
1
8
677
343
1502
244
183
142
151
12
329
47
2
9
54
2
222
233
16
6
2
71
79
828
680
417
6
28
2
1
1129
267
9
80
19
136
58
560
147
1
13
458
1669
22
1
305
18
2
64
70
66
9
1296
1
150
7
96
523
237
837
120
30
66
50
1
1
4
154
385
464
1922
70
268
54
151
1274
235
207
3
1
163
6
20
154
99
14
5
41
1497
2
137
112
310
22
159
364
1
209
6
10
1
255
139
436
103
727
973
4
19
645
826
32
1
13
589
656
7
2
1
610
5
6
12
10
36
1
34
2
2
16
1002
32
63
378
1
865
2
642
3
1906
21
312
16
6
28
507
13
374
1
1022
791
256
45
283
1
2
113
2
139
2
1404
164
2
148
34
370
3
1
1
1804
135
13
179
6
91
14
14
1
1
10
39
9
5
101
4
2
181
19
1
1482
688
1198
275
1
3
38
1319
3
324
3
3
134
308
1
56
2
1284
362
2
1437
82
3
181
2
183
11
2
1557
65
677
35
23
228
24
297
31
1106
1
2
26
2
1
1218
61
1
25
1519
3
3
5
284
2
4
212
2
109
1444
1
82
287
6
1
56
48
201
76
633
2
1458
2
1
1041
7
753
59
7
6
27
6
36
198
119
17
5
1
4
6
2
2
9
21
330
128
3
1
9
9
619
123
122
2
259
1128
13
23
1709
163
145
4
10
9
8
1
59
457
144
490
62
73
15
240
208
259
1
45
25
1
130
491
960
220
356
493
86
61
317
15
283
215
2
126
17
5
511
245
54
120
335
1
46
4
1
1220
146
20
1
3
50
64
1
3
22
9
506
250
1
969
2
3
298
1501
487
5
387
234
1
1
1
11
4
1467
3
1
34
1
172
1006
24
306
4
34
94
333
99
55
1454
35
16
2
165
9
83
4
951
3
4
1
58
6
1
672
1986
88
133
70
12
476
6
1
481
2
4
490
4
16
11
1735
2
19
1395
14
11
4
14
1
78
127
5
69
242
7
131
1521
1
5
18
2
1
59
5
4
21
1272
137
5
55
14
28
18
1
2
9
84
2
234
205
1
183
117
845
44
108
242
56
781
1
1
84
11
6
1
6
84
7
68
537
16
402
15
106
1
491
1
17
1548
206
526
39
154
3
15
126
8
1
1009
3
37
97
3
4
1
22
27
841
3
1635
8
12
18
1
22
3
25
34
1
1172
349
73
353
246
18
412
8
7
1964
138
259
43
3
537
1
12
45
642
657
494
1
1077
66
847
270
1125
1
3
118
1
340
3
33
1
744
13
14
1
224
34
1
671
279
20
68
22
5
17
1310
1046
5
3
3
362
3
594
146
212
8
3
1
19
13
56
33
17
3
267
4
86
1
42
6
1608
159
2
1
104
10
193
612
5
619
291
440
7
41
1809
19
1
14
6
1
28
9
1
222
5
137
213
1424
810
50
583
2
96
138
904
452
121
5
8
1
11
82
28
34
229
1
48
1124
36
7
392
408
14
64
2
983
1
2
2
95
233
44
9
65
16
813
819
767
58
1145
1002
248
27
14
96
19
339
96
3
1
2
429
673
15
11
9
1
27
1
4
16
34
4
1026
1226
1271
29
3
234
52
8
32
14
5
40
1580
1581
15
5
1
1
4
445
697
58
38
1
641
311
520
1
4
5
679
3
47
886
13
126
168
1822
2
5
155
8
36
525
102
3
417
1
318
62
3
1
608
1
773
12
667
1
105
1
8
1505
2
2
25
17
25
1
147
419
630
183
1
1
163
12
1304
75
4
3
12
97
32
80
6
176
40
7
552
37
1808
53
10
88
1382
111
185
60
468
207
78
327
732
9
111
28
1
110
3
10
1
1
10
98
146
8
883
4
2
28
273
1197
1173
543
29
1
106
5
125
96
8
4
128
5
163
640
1
54
863
7
675
324
2
27
1424
18
87
17
4
1461
19
16
164
9
38
69
1
235
58
28
586
130
33
14
573
710
1281
556
66
1
1241
1
57
6
1263
3
1
234
70
986
1627
9
336
55
140
87
71
177
59
57
151
601
29
40
8
1931
1287
1
36
740
6
17
2
12
1
3
17
1534
29
1988
184
214
40
1
45
992
21
8
3
446
81
182
1015
2
293
88
3
2
457
1187
62
224
1012
1416
3
1
7
1511
3
452
176
52
76
6
45
16
9
682
60
398
97
1
20
389
141
1
4
9
1660
11
303
2
247
432
3
5
7
31
4
200
1140
374
1
431
57
28
1
575
567
1
37
1810
1
51
569
1713
12
21
8
49
18
891
121
18
170
2
19
1
57
18
508
389
701
1065
416
644
64
4
118
1475
9
315
1
178
144
16
1664
32
42
2
1
177
16
21
1907
1756
24
12
1
1
1
219
5
1
1
116
49
149
2
75
1360
1
1580
12
12
300
2
573
413
10
526
129
78
6
4
1123
1887
1
8
3
1
1
1999
8
39
8
1
134
92
773
13
5
30
28
723
1
10
2
522
10
110
1
80
17
2
128
404
414
3
600
7
16
1
49
264
6
985
21
10
39
653
1
92
7
33
404
587
196
1669
284
19
108
1963
5
1412
879
616
5
116
24
13
15
138
234
1890
310
3
1401
2
1
13
85
81
367
3
9
1148
603
1864
4
1
2
126
8
1927
3
43
2
26
444
1
1
19
86
884
1
940
3
26
162
34
265
280
1
1
730
4
1
1
1
70
2
1959
188
1
16
8
2
189
17
1
5
77
5
1
477
107
1024
8
1
7
442
82
1
24
702
30
558
483
5
28
1016
3
2
146
88
98
1
14
1
22
4
1547
157
868
31
5
423
85
1143
10
14
322
605
1
1
1
2
1
50
1271
98
80
26
1
1036
30
1
317
27
6
364
973
1207
99
4
2
1413
1
1039
86
1
14
6
140
1062
14
270
1
324
200
1
708
11
28
6
227
214
648
2
48
2
145
1
424
279
41
306
9
899
9
1
30
39
1044
8
881
1766
1
2
3
871
7
5
1036
148
341
1
1385
16
781
2
4
1578
59
431
378
71
2
1
17
253
2
171
352
1
374
71
748
23
8
354
1
884
3
1
3
811
108
27
131
343
918
27
445
527
1
1
861
9
3
13
17
1
584
254
302
4
22
134
6
42
8
1
2
1
595
1987
2
1
48
1
7
162
737
1995
8
139
22
25
1458
6
1
421
6
66
49
56
283
1
2
1293
366
832
119
13
835
46
385
63
3
47
1402
3
84
62
2
1
92
54
6
12
21
1
1434
1
202
251
518
9
4
48
8
18
347
2
1
644
36
1
28
1
6
2
1
8
3
1
654
3
3
9
5
1
1
117
926
5
58
1597
34
7
1
1405
124
2
23
1
865
208
251
6
2
45
16
2
5
593
96
1
336
3
13
1
103
26
1
514
2
4
89
77
38
14
78
19
314
303
6
1
344
11
1977
17
65
6
172
2
115
814
306
189
20
14
1224
418
1
1
1
9
68
1
68
1326
1
113
35
66
584
522
781
69
1
403
52
5
1
906
265
20
242
3
26
232
1
1758
1
1
1637
140
1
1752
95
263
683
1507
3
6
887
32
1
210
2
2
697
35
262
34
2
12
1
150
518
2
10
39
3
286
606
8
595
15
36
36
2
3
315
1
3
1171
7
242
1449
8
5
153
1053
1
1
1742
344
62
196
108
122
376
337
1
37
815
3
47
460
10
3
1
339
36
629
182
147
17
17
562
10
49
18
10
818
36
85
24
298
4
9
29
1
2
1
877
262
1539
4
1
651
17
101
40
12
116
36
13
1
36
1
60
443
1
347
169
1020
69
35
922
243
1962
1
15
32
16
680
20
2
806
14
48
60
1
518
4
2
1
41
158
4
1
543
1
1682
25
1
846
226
3
763
238
78
14
41
18
1538
1
3
68
4
157
533
75
99
134
2
1
109
4
1
1
139
378
2
4
36
23
1
1
1
5
1662
470
23
42
25
412
5
3
64
225
36
8
10
582
37
122
3
269
33
1125
93
23
94
14
15
1
34
997
29
1628
19
41
23
733
556
695
139
1
126
31
203
5
1820
126
4
12
3
481
548
79
2
335
216
11
650
1
158
6
1275
317
2
132
110
20
41
1247
11
116
427
1059
75
6
6
8
1
279
10
44
623
373
3
20
14
27
7
1612
1
2
23
985
78
10
1970
353
1
3
938
1
8
26
1549
62
4
1
21
57
104
4
8
3
20
415
23
174
40
33
2
9
1
30
300
668
16
42
10
74
287
1064
2
28
1497
121
1
1
53
4
446
1
94
891
125
15
1397
5
176
26
13
10
1
20
826
2
8
5
12
19
1277
4
905
10
1
28
56
10
21
64
9
2
162
3
188
34
803
88
99
176
1716
5
18
4
1
1
243
4
3
4
66
243
60
609
19
1660
1569
1735
633
61
2
387
6
24
438
14
32
5
474
12
347
188
41
158
396
6
1454
69
753
7
40
264
54
2
13
3
1
8
694
34
22
113
1044
30
588
796
41
2
1
3
14
531
666
6
280
69
283
1004
132
103
1627
41
204
7
1
1
57
193
17
2
49
455
1
76
3
2
146
27
2
483
88
10
32
6
207
7
952
856
11
7
1119
9
23
106
2
8
288
611
2
1
14
361
205
43
11
1
234
46
96
37
22
384
1
1319
348
83
80
1385
15
79
4
173
1141
34
116
563
1
349
112
6
487
1
30
1697
1502
10
48
261
1
1
88
4
1
58
2
2
1
1
3
312
7
28
2
5
1520
2
500
100
1
